# Pose of panda2_ref_camera_link in panda2_hand
camera:
  x: 0.13682768843416482
  y: -0.009443400298528096
  z: -0.08387833599341328
  roll: 0.022100209841200636
  pitch: -1.3156624527412932
  yaw: 3.061881150974905
